44
0 1 1.00000000000000
1 0 1.00000000000000
1 2 1.41421356237310
2 1 1.41421356237310
2 3 1.73205080756888
3 2 1.73205080756888
3 4 2.00000000000000
4 3 2.00000000000000
4 5 2.23606797749979
5 4 2.23606797749979
5 6 2.44948974278318
6 5 2.44948974278318
6 7 2.64575131106459
7 6 2.64575131106459
7 8 2.82842712474619
8 7 2.82842712474619
8 9 3.00000000000000
9 8 3.00000000000000
9 10 3.16227766016838
10 9 3.16227766016838
10 11 3.31662479035540
11 10 3.31662479035540
11 12 3.46410161513775
12 11 3.46410161513775
12 13 3.60555127546399
13 12 3.60555127546399
13 14 3.74165738677394
14 13 3.74165738677394
14 15 3.87298334620742
15 14 3.87298334620742
15 16 4.00000000000000
16 15 4.00000000000000
16 17 4.12310562561766
17 16 4.12310562561766
17 18 4.24264068711929
18 17 4.24264068711929
18 19 4.35889894354067
19 18 4.35889894354067
19 20 4.47213595499958
20 19 4.47213595499958
20 21 4.58257569495584
21 20 4.58257569495584
21 22 4.69041575982343
22 21 4.69041575982343
