2346
0 0 0.84084
1 0 -1.1102e-16
2 0 -1.2957e-16
3 0 0.52604
4 0 2.7999e-16
6 0 5.1868e-17
7 0 1.916e-17
8 0 3.5161e-16
10 0 8.5717e-17
11 0 1.9862e-16
12 0 9.5725e-18
13 0 -0.12105
14 0 4.565e-16
16 0 -1.4927e-16
17 0 -3.1875e-16
18 0 4.7359e-17
19 0 5.9929e-17
20 0 7.3285e-22
21 0 2.9825e-20
22 0 -1.6299e-17
23 0 8.8089e-17
25 0 3.4563e-16
26 0 -4.1606e-16
27 0 1.2222e-16
28 0 1.2769e-17
29 0 -3.9957e-17
30 0 -3.1652e-20
31 0 -2.47e-18
32 0 -4.1761e-16
33 0 4.6107e-33
34 0 0.040326
35 0 5.2913e-16
36 0 -2.631e-18
37 0 -2.4195e-16
38 0 4.112e-16
39 0 -2.7837e-16
40 0 3.9966e-18
41 0 2.3057e-21
42 0 -3.8137e-23
44 0 -8.0967e-17
46 0 4.5577e-16
48 0 1.9834e-16
50 0 2.6957e-16
52 0 5.7794e-17
53 0 -1.2726e-17
54 0 -9.1341e-18
56 0 1.1126e-16
58 0 -6.3274e-17
0 1 -5.5511e-17
1 1 1.5848
2 1 4.2612e-17
3 1 2.2204e-16
4 1 3.8962e-17
6 1 2.3582e-16
7 1 0.66902
8 1 1.2405e-16
10 1 2.0427e-16
11 1 -4.2136e-16
12 1 1.9531e-16
13 1 6.223e-16
14 1 3.1986e-16
16 1 1.4678e-16
17 1 2.7921e-16
18 1 4.0663e-16
19 1 -2.7373e-17
20 1 7.1951e-22
21 1 8.3585e-20
22 1 -0.1719
23 1 4.937e-16
25 1 -7.6728e-17
26 1 -1.0594e-17
27 1 -4.1651e-16
28 1 -3.4287e-18
29 1 -2.0788e-17
30 1 -2.4141e-19
31 1 -5.1038e-17
32 1 1.2867e-16
33 1 1.5894e-33
34 1 -3.1842e-17
35 1 1.7775e-16
36 1 1.8208e-18
37 1 2.5035e-16
38 1 -9.4578e-17
39 1 5.1413e-16
40 1 -6.9954e-17
41 1 2.2637e-21
42 1 -1.5806e-22
44 1 -1.057e-16
46 1 6.7085e-16
48 1 1.8542e-17
50 1 0.10669
52 1 -4.1143e-17
53 1 3.025e-18
54 1 9.1185e-18
56 1 4.0177e-16
58 1 -7.3988e-17
0 2 -1.2957e-16
1 2 4.2612e-17
2 2 0.85607
3 2 1.9623e-16
4 2 -1.0547e-15
6 2 -1.415e-16
7 2 1.0657e-16
8 2 0.50803
10 2 -5.8057e-16
11 2 -2.0864e-16
12 2 -5.9616e-17
13 2 1.9975e-16
14 2 6.6707e-16
16 2 -1.896e-16
17 2 -6.5974e-16
18 2 -2.4346e-16
19 2 -2.2862e-17
20 2 -7.1638e-22
21 2 3.8078e-21
22 2 -7.5079e-17
23 2 -0.095152
25 2 3.0424e-16
26 2 1.1224e-16
27 2 2.0727e-16
28 2 -4.1824e-18
29 2 -3.929e-21
30 2 -8.6311e-18
31 2 3.8078e-21
32 2 -2.3754e-16
33 2 -5.1119e-33
34 2 1.3311e-16
35 2 1.3619e-16
36 2 -5.9497e-23
37 2 -4.5942e-16
38 2 7.704e-16
39 2 -4.0906e-16
40 2 7.2588e-18
41 2 -2.2539e-21
42 2 1.8823e-22
44 2 -1.1138e-17
46 2 -9.7989e-17
48 2 1.5177e-16
50 2 -1.8939e-16
52 2 -3.2025e-16
53 2 4.2065e-18
54 2 -5.0421e-21
56 2 -5.4718e-16
58 2 -5.8663e-17
0 3 0.52604
1 3 2.2204e-16
2 3 1.9623e-16
3 3 2.0322
4 3 -9.5532e-17
6 3 7.4242e-17
7 3 2.2204e-16
8 3 3.5063e-16
10 3 4.0163e-16
11 3 -6.6091e-16
12 3 2.6968e-16
13 3 0.75993
14 3 1.0316e-16
16 3 1.0951e-16
17 3 5.2172e-16
18 3 2.0902e-16
19 3 1.8211e-16
20 3 8.255e-22
21 3 1.4455e-19
22 3 4.0292e-16
23 3 1.1103e-15
25 3 5.6951e-16
26 3 -7.0843e-16
27 3 -2.6818e-16
28 3 2.7239e-19
29 3 -8.7878e-17
30 3 -7.538e-20
31 3 -3.6699e-17
32 3 7.5625e-17
33 3 -2.177e-33
34 3 -0.12666
35 3 3.6048e-16
36 3 -8.3889e-19
37 3 6.9561e-16
38 3 2.6461e-16
39 3 -2.2948e-16
40 3 -1.9512e-17
41 3 2.5973e-21
42 3 -4.3625e-22
44 3 1.7389e-16
46 3 6.3784e-16
48 3 3.5191e-16
50 3 -6.0962e-16
52 3 1.6717e-16
53 3 -8.3625e-19
54 3 4.5859e-18
56 3 6.1865e-16
58 3 1.312e-16
0 4 2.7999e-16
1 4 3.8962e-17
2 4 -1.0547e-15
3 4 -9.5532e-17
4 4 1.5745
6 4 -3.4492e-16
7 4 2.1617e-16
8 4 -3.3307e-16
10 4 -3.0266e-16
11 4 -1.5763e-16
12 4 -1.2477e-16
13 4 9.9333e-17
14 4 0.68963
16 4 2.032e-16
17 4 -4.736e-17
18 4 1.4334e-16
19 4 -5.0267e-18
20 4 -6.2079e-22
21 4 -3.1645e-20
22 4 -1.4767e-16
23 4 6.7375e-16
25 4 4.3416e-17
26 4 6.2207e-17
27 4 8.7176e-17
28 4 -5.6987e-17
29 4 1.0715e-21
30 4 -1.1307e-16
31 4 2.8795e-20
32 4 3.8336e-17
33 4 -3.1014e-33
34 4 2.7372e-17
35 4 -0.21277
36 4 -1.9778e-22
37 4 1.5749e-16
38 4 1.3268e-16
39 4 1.2851e-16
40 4 1.6613e-18
41 4 -1.9532e-21
42 4 -9.5644e-21
44 4 -7.0213e-16
46 4 -2.8113e-16
48 4 -8.9382e-17
50 4 1.3362e-16
52 4 -2.6509e-17
53 4 9.3444e-17
54 4 -1.7212e-20
56 4 -3.4366e-16
58 4 -2.7445e-17
5 5 0.85607
9 5 -2.2204e-16
15 5 0.50803
24 5 -4.8774e-17
36 5 -0.095152
51 5 4.9561e-16
0 6 5.1868e-17
1 6 2.3582e-16
2 6 -1.2938e-16
3 6 7.4242e-17
4 6 -3.2976e-16
6 6 0.85607
7 6 3.541e-16
8 6 7.1067e-17
10 6 -2.2204e-16
11 6 -3.1309e-16
12 6 2.3503e-17
13 6 8.0324e-18
14 6 6.5329e-16
16 6 0.50803
17 6 1.9586e-16
18 6 -2.1998e-17
19 6 -6.508e-18
20 6 -7.7622e-22
21 6 -5.8306e-18
22 6 4.1928e-16
23 6 1.6128e-16
25 6 5.3607e-16
26 6 3.3663e-16
27 6 1.7121e-16
28 6 5.0389e-18
29 6 -6.7994e-19
30 6 -4.0796e-18
31 6 3.3061e-18
32 6 1.0957e-16
33 6 -1.3212e-32
34 6 -1.7367e-16
35 6 -1.907e-18
36 6 -3.6442e-20
37 6 -0.095152
38 6 3.5689e-17
39 6 1.1669e-17
40 6 2.3264e-18
41 6 -2.4422e-21
42 6 -5.2462e-19
44 6 8.3148e-17
46 6 -5.4289e-16
48 6 -1.1596e-16
50 6 4.8051e-16
52 6 -2.6929e-16
53 6 4.1254e-18
54 6 -1.6923e-18
56 6 -2.7049e-16
58 6 -8.2035e-17
0 7 -1.2892e-17
1 7 0.66902
2 7 1.0657e-16
3 7 2.2204e-16
4 7 2.1617e-16
6 7 3.541e-16
7 7 2.3634
8 7 -1.4546e-16
10 7 2.9838e-16
11 7 6.552e-17
12 7 1.8908e-16
13 7 9.992e-16
14 7 5.3729e-19
16 7 -8.7755e-17
17 7 1.6086e-16
18 7 -2.9649e-17
19 7 -7.8031e-17
20 7 5.2393e-22
21 7 1.6563e-19
22 7 0.9423
23 7 1.8717e-17
25 7 4.4628e-16
26 7 2.0848e-16
27 7 -4.372e-16
28 7 8.8199e-18
29 7 -7.1573e-17
30 7 -7.9414e-19
31 7 -2.8044e-17
32 7 -4.9502e-16
33 7 -1.5744e-33
34 7 6.6493e-17
35 7 9.3694e-16
36 7 1.0111e-18
37 7 -2.3215e-16
38 7 6.6952e-16
39 7 -6.8634e-16
40 7 2.5077e-17
41 7 1.6485e-21
42 7 -9.1483e-22
44 7 -1.6058e-16
46 7 3.4028e-16
48 7 -2.687e-16
50 7 -0.28058
52 7 1.5732e-17
53 7 -9.8587e-18
54 7 -1.6467e-17
56 7 4.7481e-16
58 7 -4.7286e-17
0 8 3.5161e-16
1 8 1.2405e-16
2 8 0.50803
3 8 3.5063e-16
4 8 -4.4409e-16
6 8 6.6622e-17
7 8 -1.4546e-16
8 8 2.0599
10 8 -3.4772e-16
11 8 -2.4333e-17
12 8 -1.1223e-17
13 8 1.8156e-16
14 8 -1.1102e-16
16 8 -3.8294e-16
17 8 6.0948e-16
18 8 2.8474e-17
19 8 1.6354e-17
20 8 3.1404e-22
21 8 2.7062e-20
22 8 -1.5721e-16
23 8 0.70615
25 8 5.1197e-17
26 8 1.0925e-16
27 8 2.5952e-16
28 8 7.2203e-17
29 8 5.6829e-21
30 8 3.825e-18
31 8 2.7061e-20
32 8 -4.158e-16
33 8 1.0177e-32
34 8 3.7523e-17
35 8 1.0316e-15
36 8 -4.2284e-22
37 8 3.6448e-16
38 8 -1.7636e-16
39 8 2.5932e-16
40 8 -5.116e-18
41 8 9.8806e-22
42 8 1.7798e-20
44 8 -6.9226e-16
46 8 2.7339e-16
48 8 3.0001e-16
50 8 5.0098e-17
52 8 8.8591e-17
53 8 -7.2232e-17
54 8 5.7267e-21
56 8 1.4048e-17
58 8 -1.6652e-16
5 9 -3.8858e-16
9 9 1.5745
15 9 -8.8818e-16
24 9 0.68963
36 9 8.4632e-16
51 9 -0.21277
0 10 8.5717e-17
1 10 2.0427e-16
2 10 -5.785e-16
3 10 4.0163e-16
4 10 -2.8693e-16
6 10 -2.2204e-16
7 10 2.9838e-16
8 10 -3.4929e-16
10 10 1.5745
11 10 3.5358e-16
12 10 1.9399e-16
13 10 7.6774e-16
14 10 -1.4113e-16
16 10 3.3307e-16
17 10 -2.7723e-16
18 10 -1.7551e-16
19 10 -1.4284e-17
20 10 -3.3115e-22
21 10 7.753e-18
22 10 -1.2478e-16
23 10 5.9317e-16
25 10 0.68963
26 10 5.03e-17
27 10 6.3976e-17
28 10 -1.1405e-17
29 10 2.9546e-18
30 10 7.4839e-18
31 10 7.753e-18
32 10 2.8216e-16
33 10 -3.7927e-33
34 10 7.4036e-16
35 10 -3.3706e-16
36 10 -1.2114e-19
37 10 -7.164e-16
38 10 5.0747e-16
39 10 -7.7407e-18
40 10 1.0399e-17
41 10 -1.0419e-21
42 10 6.7123e-18
44 10 -1.266e-16
46 10 -3.4912e-16
48 10 -1.5723e-16
50 10 -1.3367e-16
52 10 -0.21277
53 10 6.5404e-18
54 10 2.8343e-18
56 10 -1.5166e-16
58 10 1.7425e-16
0 11 1.9862e-16
1 11 -4.2136e-16
2 11 -2.0864e-16
3 11 -6.6091e-16
4 11 -1.5763e-16
6 11 -3.1309e-16
7 11 6.552e-17
8 11 -2.4333e-17
10 11 3.5358e-16
11 11 0.88807
12 11 4.1908e-17
13 11 -6.5067e-16
14 11 5.2175e-16
16 11 9.256e-16
17 11 -9.4369e-16
18 11 3.1176e-16
19 11 1.5173e-17
20 11 1.0706e-21
21 11 3.4694e-18
22 11 1.9659e-16
23 11 1.2931e-16
25 11 9.6761e-17
26 11 0.4597
27 11 -1.5312e-16
28 11 2.1337e-17
29 11 -8.413e-17
30 11 -6.8305e-18
31 11 8.3267e-17
32 11 4.6502e-16
33 11 -2.3104e-33
34 11 4.5087e-16
35 11 -4.4079e-17
36 11 -2.9749e-32
37 11 6.8942e-17
38 11 1.3432e-15
39 11 2.56e-16
40 11 -1.8792e-17
41 11 3.3811e-21
42 11 1.425e-32
44 11 -2.0863e-16
46 11 4.3058e-16
48 11 3.3798e-17
50 11 4.5746e-16
52 11 3.0362e-16
53 11 1.9281e-17
54 11 -8.6337e-19
56 11 5.1493e-16
58 11 2.7177e-16
0 12 9.5725e-18
1 12 1.9531e-16
2 12 -5.9616e-17
3 12 2.6968e-16
4 12 -1.2477e-16
6 12 2.3503e-17
7 12 1.8908e-16
8 12 -1.1223e-17
10 12 1.9399e-16
11 12 4.1908e-17
12 12 0.88807
13 12 2.6386e-16
14 12 3.368e-17
16 12 5.7164e-18
17 12 -7.8245e-17
18 12 4.4409e-16
19 12 1.4376e-30
20 12 1.1303e-30
21 12 1.0553e-29
22 12 -1.3226e-17
23 12 -2.662e-16
25 12 -1.8312e-16
26 12 2.4073e-18
27 12 0.4597
28 12 3.1211e-29
29 12 -1.2036e-28
30 12 -1.4804e-29
31 12 -1.6495e-29
32 12 6.8348e-17
33 12 6.5806e-33
34 12 -2.4423e-17
35 12 -3.8269e-17
36 12 -1.2121e-32
37 12 -8.9134e-18
38 12 -9.6153e-17
39 12 1.0579e-15
40 12 4.5221e-29
41 12 -2.5536e-36
42 12 2.3161e-32
44 12 -7.8948e-17
46 12 -7.6285e-17
48 12 -1.3768e-16
50 12 7.9323e-17
52 12 1.9878e-16
53 12 1.96e-29
54 12 1.1895e-28
56 12 3.4864e-17
58 12 -4.7258e-16
0 13 -0.12105
1 13 5.9894e-16
2 13 1.9975e-16
3 13 0.75993
4 13 9.9333e-17
6 13 8.0324e-18
7 13 9.992e-16
8 13 1.8156e-16
10 13 7.6774e-16
11 13 -6.5067e-16
12 13 2.6386e-16
13 13 2.7588
14 13 -1.3798e-16
16 13 -1.7666e-16
17 13 8.7895e-16
18 13 -9.4047e-16
19 13 4.4138e-16
20 13 -4.762e-22
21 13 1.0691e-19
22 13 2.2204e-16
23 13 7.8291e-16
25 13 1.8798e-16
26 13 -1.2375e-15
27 13 1.2524e-15
28 13 2.7429e-18
29 13 -3.8527e-17
30 13 5.4783e-19
31 13 9.3532e-17
32 13 -8.383e-17
33 13 -4.022e-33
34 13 0.89259
35 13 3.3631e-17
36 13 7.5264e-19
37 13 5.4079e-16
38 13 7.2529e-16
39 13 -5.5772e-16
40 13 1.6677e-17
41 13 -1.4982e-21
42 13 -1.518e-21
44 13 6.5491e-17
46 13 -3.2824e-16
48 13 1.2589e-16
50 13 -6.0623e-16
52 13 -3.6723e-16
53 13 -2.4141e-18
54 13 -2.5097e-18
56 13 -2.52e-16
58 13 -2.037e-17
0 14 4.565e-16
1 14 3.1986e-16
2 14 6.5886e-16
3 14 1.0316e-16
4 14 0.68963
6 14 6.5195e-16
7 14 5.3729e-19
8 14 -1.1102e-16
10 14 -1.3402e-16
11 14 5.2175e-16
12 14 3.368e-17
13 14 -1.3798e-16
14 14 2.3122
16 14 -3.4182e-16
17 14 -3.4104e-16
18 14 2.5607e-17
19 14 5.3721e-18
20 14 6.641e-22
21 14 -1.0401e-19
22 14 3.7019e-17
23 14 -4.4409e-16
25 14 -3.9353e-16
26 14 -1.4303e-16
27 14 -8.1014e-17
28 14 -7.5889e-17
29 14 -1.7364e-20
30 14 -3.287e-17
31 14 4.7044e-20
32 14 1.3231e-16
33 14 -1.6817e-33
34 14 8.8077e-17
35 14 1.0854
36 14 -6.5005e-22
37 14 -1.3919e-16
38 14 -1.109e-16
39 14 9.7263e-17
40 14 -1.7713e-18
41 14 2.0894e-21
42 14 -1.9726e-21
44 14 4.8089e-16
46 14 3.7335e-16
48 14 -2.887e-16
50 14 2.2265e-16
52 14 6.4303e-16
53 14 -7.9592e-17
54 14 -2.1363e-20
56 14 5.0908e-16
58 14 -3.9962e-17
5 15 0.50803
9 15 -8.8818e-16
15 15 2.0599
24 15 3.3307e-16
36 15 0.70615
51 15 1.1199e-15
0 16 -1.4927e-16
1 16 1.4678e-16
2 16 -1.9195e-16
3 16 1.0951e-16
4 16 2.1328e-16
6 16 0.50803
7 16 -8.7755e-17
8 16 -3.8628e-16
10 16 2.2204e-16
11 16 9.256e-16
12 16 5.7164e-18
13 16 -1.7666e-16
14 16 -3.5255e-16
16 16 2.0599
17 16 2.2957e-16
18 16 8.739e-17
19 16 1.3244e-18
20 16 3.5691e-22
21 16 -4.1438e-17
22 16 1.0159e-15
23 16 -1.5709e-16
25 16 3.3307e-16
26 16 1.1184e-16
27 16 -1.9042e-16
28 16 7.1932e-17
29 16 -7.4006e-18
30 16 8.2309e-17
31 16 1.8348e-17
32 16 -3.5181e-16
33 16 1.6836e-33
34 16 -4.836e-16
35 16 5.9093e-16
36 16 -2.5899e-19
37 16 0.70615
38 16 5.9282e-16
39 16 -5.1344e-17
40 16 -1.064e-19
41 16 1.1229e-21
42 16 -1.1418e-18
44 16 -2.7231e-16
46 16 3.2311e-16
48 16 1.0719e-16
50 16 3.4262e-16
52 16 3.7645e-16
53 16 -7.7849e-17
54 16 -9.4284e-18
56 16 1.4278e-16
58 16 -1.1462e-16
0 17 -3.1875e-16
1 17 2.7921e-16
2 17 -6.5974e-16
3 17 5.2172e-16
4 17 -4.736e-17
6 17 1.9586e-16
7 17 1.6086e-16
8 17 6.0948e-16
10 17 -2.7723e-16
11 17 -9.992e-16
12 17 -7.8245e-17
13 17 8.7895e-16
14 17 -3.4104e-16
16 17 2.2957e-16
17 17 1.5382
18 17 1.0267e-16
19 17 -3.594e-17
20 17 3.2664e-22
21 17 8.0991e-18
22 17 2.4666e-16
23 17 -5.7421e-16
25 17 2.6242e-16
26 17 1.3323e-15
27 17 1.3594e-17
28 17 3.7424e-17
29 17 1.0998e-16
30 17 -1.6279e-17
31 17 6.4793e-17
32 17 -5.3716e-17
33 17 -1.5777e-32
34 17 1.0955e-15
35 17 -3.1697e-16
36 17 3.6206e-32
37 17 -4.4064e-16
38 17 0.79623
39 17 1.4852e-16
40 17 1.3439e-16
41 17 1.0574e-21
42 17 -3.9848e-33
44 17 3.774e-17
46 17 2.4398e-16
48 17 1.5835e-16
50 17 -3.0105e-16
52 17 -3.4163e-16
53 17 -2.7504e-17
54 17 -9.0422e-17
56 17 2.9204e-16
58 17 7.9861e-17
0 18 4.7359e-17
1 18 4.0663e-16
2 18 -2.4346e-16
3 18 2.0902e-16
4 18 1.4334e-16
6 18 -2.1998e-17
7 18 -2.9649e-17
8 18 2.8474e-17
10 18 -1.7551e-16
11 18 3.1176e-16
12 18 3.3307e-16
13 18 -9.4047e-16
14 18 2.5607e-17
16 18 8.739e-17
17 18 1.0267e-16
18 18 1.5382
19 18 1.3276e-29
20 18 2.6386e-30
21 18 2.4643e-29
22 18 -1.7878e-16
23 18 3.8064e-18
25 18 -6.3788e-18
26 18 -9.8283e-18
27 18 1.1102e-15
28 18 6.6244e-29
29 18 -2.6753e-28
30 18 -6.399e-29
31 18 -3.8608e-29
32 18 -6.9757e-17
33 18 9.7816e-33
34 18 -1.0355e-17
35 18 -5.6221e-16
36 18 7.7645e-33
37 18 -5.1816e-17
38 18 8.0179e-17
39 18 0.79623
40 18 5.7071e-29
41 18 -5.8658e-36
42 18 1.469e-32
44 18 -1.8686e-16
46 18 2.1653e-16
48 18 -3.6907e-16
50 18 1.3166e-16
52 18 1.3967e-17
53 18 3.3878e-29
54 18 2.7098e-28
56 18 1.4276e-16
58 18 5.7313e-17
0 19 5.9929e-17
1 19 -2.7373e-17
2 19 -2.2862e-17
3 19 1.8211e-16
4 19 -5.0267e-18
6 19 -6.508e-18
7 19 -7.8031e-17
8 19 1.6354e-17
10 19 -1.4284e-17
11 19 1.5173e-17
12 19 1.4376e-30
13 19 4.4138e-16
14 19 5.3721e-18
16 19 1.3244e-18
17 19 -3.594e-17
18 19 1.3276e-29
19 19 0.88807
20 19 -3.6979e-17
21 19 -1.4154e-33
22 19 -9.5832e-17
23 19 -3.291e-17
25 19 -1.2406e-17
26 19 5.0833e-17
27 19 4.9733e-30
28 19 1.1102e-16
29 19 -8.1374e-18
30 19 -4.3317e-17
31 19 -4.5887e-17
32 19 -2.1471e-18
33 19 4.3352e-36
34 19 1.0774e-15
35 19 2.57e-17
36 19 -4.0922e-34
37 19 -7.1794e-19
38 19 -1.0363e-16
39 19 1.3237e-29
40 19 0.4597
41 19 -3.0136e-17
42 19 7.9811e-18
44 19 3.0625e-19
46 19 -8.5597e-21
48 19 -1.376e-21
50 19 -1.5569e-16
52 19 -1.0898e-16
53 19 -4.3912e-16
54 19 1.0847e-16
56 19 -4.8959e-21
58 19 -5.4861e-23
0 20 7.3285e-22
1 20 7.1951e-22
2 20 -7.1638e-22
3 20 8.255e-22
4 20 -6.2079e-22
6 20 -7.7622e-22
7 20 5.2393e-22
8 20 3.1404e-22
10 20 -3.3115e-22
11 20 1.0706e-21
12 20 1.1303e-30
13 20 -4.762e-22
14 20 6.641e-22
16 20 3.5691e-22
17 20 3.2664e-22
18 20 2.6386e-30
19 20 -3.6979e-17
20 20 0.88807
21 20 1.2033e-35
22 20 -7.7821e-22
23 20 -1.2624e-22
25 20 3.7086e-22
26 20 -3.5299e-22
27 20 3.5563e-30
28 20 -1.2903e-16
29 20 1.6653e-16
30 20 -3.0992e-23
31 20 2.7221e-17
32 20 3.6069e-34
34 20 1.6515e-22
35 20 -6.4229e-22
36 20 4.8539e-39
37 20 -1.2539e-22
38 20 8.6728e-19
39 20 2.6386e-30
40 20 -8.308e-17
41 20 0.4597
42 20 -9.596e-24
44 20 4.3275e-34
46 20 9.3847e-36
48 20 6.3351e-37
50 20 7.4918e-22
52 20 -3.6516e-22
53 20 -1.2342e-16
54 20 -4.424e-16
56 20 9.6752e-36
58 20 -4.1401e-37
0 21 2.9825e-20
1 21 8.3585e-20
2 21 3.8078e-21
3 21 1.4455e-19
4 21 -3.1645e-20
6 21 -5.8306e-18
7 21 1.6563e-19
8 21 2.7062e-20
10 21 7.753e-18
11 21 3.4694e-18
12 21 1.0553e-29
13 21 1.0691e-19
14 21 -1.0401e-19
16 21 -4.1438e-17
17 21 8.0991e-18
18 21 2.4643e-29
19 21 -1.4154e-33
20 21 1.2033e-35
21 21 0.88807
22 21 -1.4155e-20
23 21 4.5714e-20
25 21 2.5482e-17
26 21 1.0916e-17
27 21 3.3221e-29
28 21 8.0274e-33
29 21 1.4594e-33
30 21 -2.2204e-16
31 21 4.1901e-34
32 21 -1.8254e-33
34 21 -1.1379e-19
35 21 -7.6873e-20
36 21 7.6561e-36
37 21 -6.9998e-17
38 21 8.0991e-18
39 21 2.4651e-29
40 21 -2.1295e-33
41 21 3.7859e-35
42 21 0.4597
44 21 1.0976e-32
46 21 1.5294e-34
48 21 1.7486e-35
50 21 -1.0743e-19
52 21 1.8834e-17
53 21 9.6522e-33
54 21 -3.3156e-34
55 21 -3.6953e-17
56 21 1.6227e-34
58 21 -7.8068e-35
0 22 -4.9307e-17
1 22 -0.1719
2 22 -7.5079e-17
3 22 3.8252e-16
4 22 -1.4767e-16
6 22 4.1928e-16
7 22 0.9423
8 22 -1.5721e-16
10 22 -1.2478e-16
11 22 1.9659e-16
12 22 -1.3226e-17
13 22 2.2204e-16
14 22 3.7019e-17
16 22 1.0159e-15
17 22 2.4666e-16
18 22 -1.7878e-16
19 22 -9.5832e-17
20 22 -7.7821e-22
21 22 -1.4155e-20
22 22 2.8938
23 22 2.1522e-16
25 22 6.9932e-17
26 22 -1.3248e-16
27 22 2.2958e-16
28 22 -1.5752e-17
29 22 -1.006e-16
30 22 -9.6429e-19
31 22 -3.6973e-17
32 22 8.2613e-17
33 22 2.2107e-33
34 22 6.6613e-16
35 22 3.1907e-16
36 22 -6.0276e-19
37 22 -2.0778e-16
38 22 3.7869e-16
39 22 1.922e-18
40 22 -1.0542e-16
41 22 -2.4484e-21
42 22 -1.9953e-21
44 22 5.2797e-17
46 22 -3.2737e-16
48 22 -3.3061e-16
50 22 1.3071
52 22 -2.7175e-16
53 22 1.3673e-17
54 22 5.6777e-17
56 22 -5.595e-16
58 22 8.9445e-18
0 23 8.8089e-17
1 23 4.937e-16
2 23 -0.095152
3 23 1.1103e-15
4 23 7.155e-16
6 23 1.5938e-16
7 23 1.8717e-17
8 23 0.70615
10 23 5.9337e-16
11 23 1.2931e-16
12 23 -2.662e-16
13 23 7.8291e-16
14 23 -2.2204e-16
16 23 -1.5866e-16
17 23 -5.7421e-16
18 23 3.8064e-18
19 23 -3.291e-17
20 23 -1.2624e-22
21 23 4.5714e-20
22 23 2.1522e-16
23 23 2.9142
25 23 -2.4739e-16
26 23 3.1235e-16
27 23 -2.0054e-16
28 23 1.0959e-16
29 23 2.7989e-20
30 23 -1.4523e-18
31 23 4.5713e-20
32 23 5.8287e-16
33 23 -7.1109e-34
34 23 -9.7672e-17
35 23 6.6613e-16
36 23 -7.1428e-22
37 23 -8.5669e-17
38 23 3.1122e-16
39 23 4.0288e-17
40 23 9.8593e-18
41 23 -3.9717e-22
42 23 5.054e-20
44 23 1.0216e-16
46 23 -1.0867e-16
48 23 5.4348e-16
50 23 -1.0046e-16
52 23 1.4636e-16
53 23 -1.0961e-16
54 23 2.7097e-20
56 23 -9.4652e-17
58 23 -5.7744e-16
5 24 -3.1579e-17
9 24 0.68963
15 24 3.3307e-16
24 24 2.3122
36 24 1.6653e-15
51 24 1.0854
0 25 3.4563e-16
1 25 -7.6728e-17
2 25 3.079e-16
3 25 5.6951e-16
4 25 4.0872e-17
6 25 5.5116e-16
7 25 4.4628e-16
8 25 5.1138e-17
10 25 0.68963
11 25 9.6761e-17
12 25 -1.8312e-16
13 25 1.8798e-16
14 25 -3.8383e-16
16 25 3.3307e-16
17 25 2.6242e-16
18 25 -6.3788e-18
19 25 -1.2406e-17
20 25 3.7086e-22
21 25 2.5482e-17
22 25 6.9932e-17
23 25 -2.4636e-16
25 25 2.3122
26 25 -3.253e-16
27 25 -8.6653e-17
28 25 -9.1633e-18
29 25 1.2527e-17
30 25 4.2656e-17
31 25 2.5482e-17
32 25 -4.9442e-16
33 25 5.6244e-33
34 25 -1.5812e-16
35 25 -4.331e-16
36 25 -3.9815e-19
37 25 -1.1102e-16
38 25 -3.5266e-16
39 25 -6.1383e-17
40 25 -8.7825e-17
41 25 1.1668e-21
42 25 2.4873e-17
44 25 -2.0528e-17
46 25 1.6577e-16
48 25 -5.3985e-17
50 25 -2.142e-16
52 25 1.0854
53 25 -6.7839e-18
54 25 1.2134e-17
56 25 2.9952e-16
58 25 1.028e-17
0 26 -4.1606e-16
1 26 -1.0594e-17
2 26 1.1224e-16
3 26 -7.0843e-16
4 26 6.2207e-17
6 26 3.3663e-16
7 26 2.0848e-16
8 26 1.0925e-16
10 26 5.03e-17
11 26 0.4597
12 26 2.4073e-18
13 26 -1.2375e-15
14 26 -1.4303e-16
16 26 1.1184e-16
17 26 1.2212e-15
18 26 -9.8283e-18
19 26 5.0833e-17
20 26 -3.5299e-22
21 26 1.0916e-17
22 26 -1.3248e-16
23 26 3.1235e-16
25 26 -3.253e-16
26 26 2.1883
27 26 2.4037e-16
28 26 1.5472e-17
29 26 -7.2412e-17
30 26 -2.1866e-17
31 26 6.9683e-17
32 26 -3.0753e-16
33 26 6.4086e-33
34 26 -1.2105e-15
35 26 1.5072e-16
36 26 2.078e-32
37 26 -3.8062e-16
38 26 2.2204e-16
39 26 -6.7643e-17
40 26 -2.8597e-17
41 26 -1.0706e-21
42 26 -4.7114e-33
44 26 -4.7193e-16
46 26 4.0762e-17
48 26 -1.1228e-16
50 26 -1.5644e-16
52 26 -1.762e-16
53 26 9.5104e-18
54 26 -2.7291e-18
56 26 -2.834e-16
58 26 5.7931e-17
0 27 1.2222e-16
1 27 -4.1651e-16
2 27 2.0727e-16
3 27 -2.6818e-16
4 27 8.7176e-17
6 27 1.7121e-16
7 27 -4.372e-16
8 27 2.5952e-16
10 27 6.3976e-17
11 27 -1.5312e-16
12 27 0.4597
13 27 1.2524e-15
14 27 -8.1014e-17
16 27 -1.9042e-16
17 27 1.3594e-17
18 27 1.1102e-15
19 27 4.9733e-30
20 27 3.5563e-30
21 27 3.3221e-29
22 27 2.2958e-16
23 27 -2.0054e-16
25 27 -8.6653e-17
26 27 2.4037e-16
27 27 2.1883
28 27 9.8447e-29
29 27 -3.7867e-28
30 27 -4.661e-29
31 27 -5.1921e-29
32 27 9.3818e-17
33 27 2.9241e-33
34 27 1.0792e-15
35 27 -5.9038e-17
36 27 -3.7021e-32
37 27 2.3055e-17
38 27 -2.0097e-16
39 27 1.2212e-15
40 27 1.4217e-28
41 27 2.3076e-35
42 27 -9.6992e-33
44 27 1.9416e-17
46 27 -1.0652e-17
48 27 -3.2529e-16
50 27 1.7973e-16
52 27 1.1129e-16
53 27 6.1447e-29
54 27 3.7409e-28
56 27 7.102e-17
58 27 -1.9459e-16
0 28 1.2769e-17
1 28 -3.4287e-18
2 28 -4.1824e-18
3 28 2.7239e-19
4 28 -5.6987e-17
6 28 5.0389e-18
7 28 8.8199e-18
8 28 7.2203e-17
10 28 -1.1405e-17
11 28 2.1337e-17
12 28 3.1211e-29
13 28 2.7429e-18
14 28 -7.5889e-17
16 28 7.1932e-17
17 28 3.7424e-17
18 28 6.6244e-29
19 28 5.5511e-17
20 28 -1.2903e-16
21 28 8.0274e-33
22 28 -1.5752e-17
23 28 1.0959e-16
25 28 -9.1633e-18
26 28 1.5472e-17
27 28 9.8447e-29
28 28 1.5382
29 28 -5.7325e-17
30 28 3.7231e-17
31 28 -1.0556e-16
32 28 -3.9252e-17
33 28 -7.0776e-34
34 28 -1.4388e-17
35 28 -8.1624e-17
36 28 2.6699e-34
37 28 -2.0462e-16
38 28 3.7689e-17
39 28 6.6246e-29
40 28 -1.1102e-15
41 28 -1.8774e-16
42 28 -2.3279e-23
44 28 3.9252e-17
46 28 1.0728e-19
48 28 1.1848e-19
50 28 1.8359e-17
52 28 -1.8589e-17
53 28 0.79623
54 28 3.4339e-16
56 28 -1.0728e-19
58 28 -1.1848e-19
0 29 -3.9957e-17
1 29 -2.0788e-17
2 29 -3.929e-21
3 29 -8.7878e-17
4 29 1.0715e-21
6 29 -6.7994e-19
7 29 -7.1573e-17
8 29 5.6829e-21
10 29 2.9546e-18
11 29 -8.413e-17
12 29 -1.2036e-28
13 29 -3.8527e-17
14 29 -1.7364e-20
16 29 -7.4006e-18
17 29 1.0998e-16
18 29 -2.6753e-28
19 29 -8.1375e-18
20 29 1.1102e-16
21 29 1.4594e-33
22 29 -1.006e-16
23 29 2.7989e-20
25 29 1.2527e-17
26 29 -7.2412e-17
27 29 -3.7867e-28
28 29 -5.7326e-17
29 29 1.5382
30 29 -7.2349e-23
31 29 -6.6042e-17
32 29 9.8213e-18
33 29 -5.2611e-35
34 29 -1.5829e-16
35 29 -2.307e-20
36 29 1.7512e-34
37 29 -1.4565e-17
38 29 2.7675e-16
39 29 -2.6757e-28
40 29 -6.6189e-17
41 29 -1.1102e-16
42 29 -2.2401e-23
44 29 8.1625e-21
46 29 -1.2872e-19
48 29 -4.3999e-21
50 29 -1.1326e-16
52 29 1.0085e-17
53 29 -7.3124e-17
54 29 0.79623
56 29 -1.0519e-19
58 29 -1.297e-20
0 30 -3.1652e-20
1 30 -2.4141e-19
2 30 -8.6311e-18
3 30 -7.538e-20
4 30 -1.1307e-16
6 30 -4.0796e-18
7 30 -7.9414e-19
8 30 3.825e-18
10 30 7.4839e-18
11 30 -6.8305e-18
12 30 -1.4804e-29
13 30 5.4783e-19
14 30 -3.287e-17
16 30 8.2309e-17
17 30 -1.6279e-17
18 30 -6.399e-29
19 30 -4.3317e-17
20 30 -3.0992e-23
21 30 -2.2204e-16
22 30 -9.6429e-19
23 30 -1.4523e-18
25 30 4.2656e-17
26 30 -2.1866e-17
27 30 -4.661e-29
28 30 3.7231e-17
29 30 -7.2349e-23
30 30 1.5382
31 30 1.4268e-33
32 30 3.9222e-17
33 30 -1.1287e-33
34 30 1.222e-18
35 30 9.1803e-17
36 30 -4.9988e-35
37 30 2.7466e-16
38 30 -1.6118e-17
39 30 -6.3935e-29
40 30 2.4299e-17
41 30 -9.751e-23
42 30 -1.1102e-16
44 30 3.9224e-17
46 30 1.3229e-18
48 30 -9.8456e-20
50 30 -4.258e-19
52 30 2.3959e-17
53 30 2.3489e-17
54 30 -7.2349e-23
55 30 0.79623
56 30 1.6809e-18
58 30 4.8632e-19
0 31 -2.47e-18
1 31 -5.1038e-17
2 31 3.8078e-21
3 31 -3.6699e-17
4 31 2.8795e-20
6 31 3.3061e-18
7 31 -2.8044e-17
8 31 2.7061e-20
10 31 7.753e-18
11 31 8.3267e-17
12 31 -1.6495e-29
13 31 9.3532e-17
14 31 4.7044e-20
16 31 1.8348e-17
17 31 6.4793e-17
18 31 -3.8608e-29
19 31 -4.5887e-17
20 31 2.7221e-17
21 31 4.1901e-34
22 31 -3.6973e-17
23 31 4.5713e-20
25 31 2.5482e-17
26 31 6.9683e-17
27 31 -5.1921e-29
28 31 -1.0556e-16
29 31 -6.6042e-17
30 31 1.4268e-33
31 31 1
32 31 9.8058e-18
33 31 -2.8216e-34
34 31 4.061e-17
35 31 1.6745e-20
36 31 -4.3733e-36
37 31 2.6869e-17
38 31 6.4793e-17
39 31 -3.8482e-29
40 31 -3.0447e-17
41 31 8.5644e-17
42 31 -1.2883e-34
44 31 9.8058e-18
46 31 3.7606e-19
48 31 4.3728e-20
50 31 -7.8079e-17
52 31 1.8834e-17
53 31 -1.1815e-16
54 31 -6.6042e-17
56 31 3.7606e-19
58 31 4.3728e-20
0 32 -4.1761e-16
1 32 1.2867e-16
2 32 -2.3754e-16
3 32 7.5625e-17
4 32 3.8336e-17
6 32 1.0957e-16
7 32 -4.9502e-16
8 32 -4.158e-16
10 32 2.8216e-16
11 32 4.6502e-16
12 32 6.8348e-17
13 32 -8.383e-17
14 32 1.3231e-16
16 32 -3.5181e-16
17 32 -5.3716e-17
18 32 -6.9757e-17
19 32 -2.1471e-18
20 32 3.6069e-34
21 32 -1.8254e-33
22 32 8.2613e-17
23 32 5.8287e-16
25 32 -4.9442e-16
26 32 -3.0753e-16
27 32 9.3818e-17
28 32 -3.9252e-17
29 32 9.8213e-18
30 32 3.9222e-17
31 32 9.8058e-18
32 32 1
33 32 -5.3507e-18
34 32 2.5275e-16
35 32 6.8885e-16
36 32 -3.4685e-33
37 32 1.9843e-16
38 32 -1.6076e-16
39 32 1.9407e-16
40 32 -2.1476e-18
41 32 6.7305e-34
42 32 9.8154e-18
44 32 2.2204e-16
46 32 -1.714e-16
48 32 -8.4354e-18
50 32 -1.294e-16
52 32 4.6215e-16
53 32 3.9252e-17
54 32 -2.7345e-23
56 32 -4.7893e-17
58 32 -1.0779e-16
0 33 4.6107e-33
1 33 1.5894e-33
2 33 -5.1119e-33
3 33 -2.177e-33
4 33 -3.1014e-33
6 33 -1.3212e-32
7 33 -1.5744e-33
8 33 1.0177e-32
10 33 -3.7927e-33
11 33 -2.3104e-33
12 33 6.5806e-33
13 33 -4.022e-33
14 33 -1.6817e-33
16 33 1.6836e-33
17 33 -1.5777e-32
18 33 9.7816e-33
19 33 4.3352e-36
22 33 2.2107e-33
23 33 -7.1109e-34
25 33 5.6244e-33
26 33 6.4086e-33
27 33 2.9241e-33
28 33 -7.0776e-34
29 33 -5.2611e-35
30 33 -1.1287e-33
31 33 -2.8216e-34
32 33 -5.3507e-18
33 33 1
34 33 2.3276e-33
35 33 4.1837e-33
36 33 3.2295e-49
37 33 -8.4178e-34
38 33 1.1693e-32
39 33 -1.939e-33
40 33 1.8682e-35
41 33 1.6352e-50
42 33 -5.2611e-35
44 33 -2.3382e-17
46 33 -5.7647e-19
48 33 -8.4312e-20
50 33 1.237e-33
52 33 -8.8764e-33
53 33 7.0776e-34
56 33 -5.2718e-19
58 33 -2.9884e-20
0 34 0.040326
1 34 -1.8971e-17
2 34 1.3311e-16
3 34 -0.12666
4 34 2.7372e-17
6 34 -1.7367e-16
7 34 2.0462e-16
8 34 3.7523e-17
10 34 7.4036e-16
11 34 4.5087e-16
12 34 -2.4423e-17
13 34 0.89259
14 34 8.8077e-17
16 34 -4.836e-16
17 34 1.0955e-15
18 34 -1.0355e-17
19 34 1.0774e-15
20 34 1.6515e-22
21 34 -1.1379e-19
22 34 4.4409e-16
23 34 -9.7672e-17
25 34 -1.5812e-16
26 34 -1.2105e-15
27 34 1.0792e-15
28 34 -1.4388e-17
29 34 -1.5829e-16
30 34 1.222e-18
31 34 4.061e-17
32 34 2.5275e-16
33 34 2.3276e-33
34 34 3.4908
35 34 3.8053e-16
36 34 -1.1198e-19
37 34 9.0266e-17
38 34 4.7751e-16
39 34 2.4165e-16
40 34 -1.127e-16
41 34 5.1953e-22
42 34 -1.9904e-21
44 34 4.6887e-17
46 34 9.6226e-17
48 34 1.7495e-16
50 34 8.8818e-16
52 34 -8.2423e-16
53 34 1.1026e-17
54 34 -1.0277e-16
56 34 7.3456e-17
58 34 -2.6083e-16
0 35 5.2913e-16
1 35 1.7775e-16
2 35 1.1413e-16
3 35 3.6048e-16
4 35 -0.21277
6 35 -3.2993e-18
7 35 9.3694e-16
8 35 1.0027e-15
10 35 -3.4015e-16
11 35 -4.4079e-17
12 35 -3.8269e-17
13 35 3.3631e-17
14 35 1.0854
16 35 5.8116e-16
17 35 -3.1697e-16
18 35 -5.6221e-16
19 35 2.57e-17
20 35 -6.4229e-22
21 35 -7.6873e-20
22 35 3.1907e-16
23 35 6.6613e-16
25 35 -4.2084e-16
26 35 1.5072e-16
27 35 -5.9038e-17
28 35 -8.1624e-17
29 35 -2.307e-20
30 35 9.1803e-17
31 35 1.6745e-20
32 35 6.8885e-16
33 35 4.1837e-33
34 35 3.8053e-16
35 35 1.9434
36 35 -4.8046e-22
37 35 -1.4644e-16
38 35 3.3564e-17
39 35 -2.0609e-16
40 35 -8.1934e-18
41 35 -2.0208e-21
42 35 5.1809e-21
44 35 8.6135e-16
46 35 -3.8059e-16
48 35 -8.775e-16
50 35 -3.5802e-17
52 35 5.9349e-16
53 35 -1.7329e-16
54 35 -1.156e-20
56 35 -2.7072e-16
58 35 -1.6657e-16
0 36 -2.631e-18
1 36 1.8208e-18
2 36 -5.9497e-23
3 36 -8.3889e-19
4 36 -1.9778e-22
5 36 -0.095152
6 36 -3.6442e-20
7 36 1.0111e-18
8 36 -4.2284e-22
9 36 7.8341e-16
10 36 -1.2114e-19
11 36 -2.9749e-32
12 36 -1.2121e-32
13 36 7.5264e-19
14 36 -6.5005e-22
15 36 0.70615
16 36 -2.5899e-19
17 36 3.6206e-32
18 36 7.7645e-33
19 36 -4.0922e-34
20 36 4.8539e-39
21 36 7.6561e-36
22 36 -6.0276e-19
23 36 -7.1428e-22
24 36 1.6653e-15
25 36 -3.9815e-19
26 36 2.078e-32
27 36 -3.7021e-32
28 36 2.6699e-34
29 36 1.7512e-34
30 36 -4.9988e-35
31 36 -4.3733e-36
32 36 -3.4685e-33
33 36 3.2295e-49
34 36 -1.1198e-19
35 36 -4.8046e-22
36 36 2.9142
37 36 -4.3749e-19
38 36 -2.1307e-32
39 36 7.6172e-33
40 36 4.2574e-34
41 36 1.5272e-38
42 36 -4.8467e-36
44 36 -1.2976e-32
46 36 -1.1861e-33
48 36 8.1803e-35
50 36 -1.9375e-18
51 36 4.4409e-16
52 36 -2.9428e-19
53 36 -1.657e-34
54 36 -2.6067e-35
56 36 -1.4869e-33
58 36 -4.3622e-34
0 37 -2.4195e-16
1 37 2.5035e-16
2 37 -4.5831e-16
3 37 6.9561e-16
4 37 1.5762e-16
6 37 -0.095152
7 37 -2.3215e-16
8 37 3.6357e-16
10 37 -7.2349e-16
11 37 6.8942e-17
12 37 -8.9134e-18
13 37 5.4079e-16
14 37 -1.3998e-16
16 37 0.70615
17 37 -4.4064e-16
18 37 -5.1816e-17
19 37 -7.1794e-19
20 37 -1.2539e-22
21 37 -6.9998e-17
22 37 -2.0778e-16
23 37 -8.6397e-17
25 37 -2.2204e-16
26 37 -3.8062e-16
27 37 2.3055e-17
28 37 -2.0462e-16
29 37 -1.4565e-17
30 37 2.7466e-16
31 37 2.6869e-17
32 37 1.9843e-16
33 37 -8.4178e-34
34 37 9.0266e-17
35 37 -1.4532e-16
36 37 -4.3749e-19
37 37 2.9142
38 37 9.788e-16
39 37 1.5938e-17
40 37 4.2381e-20
41 37 -3.9452e-22
42 37 1.3241e-19
44 37 -4.1497e-16
46 37 -1.6619e-16
48 37 -2.1337e-17
50 37 -3.6003e-16
52 37 -2.2204e-16
53 37 -2.1947e-16
54 37 -1.3868e-17
56 37 -3.4984e-17
58 37 1.7837e-17
0 38 4.112e-16
1 38 -9.4578e-17
2 38 7.704e-16
3 38 2.6461e-16
4 38 1.3268e-16
6 38 3.5689e-17
7 38 6.6952e-16
8 38 -1.7636e-16
10 38 5.0747e-16
11 38 1.36e-15
12 38 -9.6153e-17
13 38 7.2529e-16
14 38 -1.109e-16
16 38 5.9282e-16
17 38 0.79623
18 38 8.0179e-17
19 38 -1.0363e-16
20 38 8.6728e-19
21 38 8.0991e-18
22 38 3.7869e-16
23 38 3.1122e-16
25 38 -3.5266e-16
26 38 3.3307e-16
27 38 -2.0097e-16
28 38 3.7689e-17
29 38 2.7675e-16
30 38 -1.6118e-17
31 38 6.4793e-17
32 38 -1.6076e-16
33 38 1.1693e-32
34 38 4.7751e-16
35 38 3.3564e-17
36 38 -2.1307e-32
37 38 9.788e-16
38 38 1.5382
39 38 1.1335e-16
40 38 -2.2147e-17
41 38 2.7288e-18
42 38 -9.2316e-33
44 38 -2.3679e-18
46 38 -3.7024e-16
48 38 -3.7492e-17
50 38 5.1321e-16
52 38 7.6574e-16
53 38 -2.7388e-17
54 38 -1.7077e-16
56 38 -2.25e-16
58 38 -3.4447e-16
0 39 -2.7837e-16
1 39 5.1413e-16
2 39 -4.0906e-16
3 39 -2.2948e-16
4 39 1.2851e-16
6 39 1.1669e-17
7 39 -6.8634e-16
8 39 2.5932e-16
10 39 -7.7407e-18
11 39 2.56e-16
12 39 9.992e-16
13 39 -5.5772e-16
14 39 9.7263e-17
16 39 -5.1344e-17
17 39 1.4852e-16
18 39 0.79623
19 39 1.3237e-29
20 39 2.6386e-30
21 39 2.4651e-29
22 39 1.922e-18
23 39 4.0288e-17
25 39 -6.1383e-17
26 39 -6.7643e-17
27 39 1.1102e-15
28 39 6.6246e-29
29 39 -2.6757e-28
30 39 -6.3935e-29
31 39 -3.8482e-29
32 39 1.9407e-16
33 39 -1.939e-33
34 39 2.4165e-16
35 39 -2.0609e-16
36 39 7.6172e-33
37 39 1.5938e-17
38 39 1.1335e-16
39 39 1.5382
40 39 5.7054e-29
41 39 -1.9736e-34
42 39 -1.6642e-32
44 39 5.7849e-18
46 39 1.0704e-16
48 39 -2.3237e-17
50 39 2.1885e-16
52 39 2.4062e-17
53 39 3.377e-29
54 39 2.7089e-28
56 39 1.9441e-16
58 39 2.3149e-16
0 40 3.9966e-18
1 40 -6.9954e-17
2 40 7.2588e-18
3 40 -1.9512e-17
4 40 1.6613e-18
6 40 2.3264e-18
7 40 2.5077e-17
8 40 -5.116e-18
10 40 1.0399e-17
11 40 -1.8792e-17
12 40 4.5221e-29
13 40 1.6677e-17
14 40 -1.7713e-18
16 40 -1.064e-19
17 40 1.3439e-16
18 40 5.7071e-29
19 40 0.4597
20 40 -8.308e-17
21 40 -2.1295e-33
22 40 -1.0542e-16
23 40 9.8593e-18
25 40 -8.7825e-17
26 40 -2.8597e-17
27 40 1.4217e-28
28 40 -1.1102e-15
29 40 -6.6188e-17
30 40 2.4299e-17
31 40 -3.0447e-17
32 40 -2.1476e-18
33 40 1.8682e-35
34 40 -1.127e-16
35 40 -8.1934e-18
36 40 4.2574e-34
37 40 4.2381e-20
38 40 -2.2147e-17
39 40 5.7054e-29
40 40 2.1883
41 40 5.8345e-18
42 40 3.9542e-17
44 40 -3.0757e-19
46 40 -3.392e-21
48 40 -7.6461e-22
50 40 -3.1727e-16
52 40 -9.0053e-17
53 40 -1.2212e-15
54 40 1.8974e-16
56 40 4.335e-21
58 40 2.2025e-21
0 41 2.3057e-21
1 41 2.2637e-21
2 41 -2.2539e-21
3 41 2.5973e-21
4 41 -1.9532e-21
6 41 -2.4422e-21
7 41 1.6485e-21
8 41 9.8806e-22
10 41 -1.0419e-21
11 41 3.3811e-21
12 41 -2.5536e-36
13 41 -1.4982e-21
14 41 2.0894e-21
16 41 1.1229e-21
17 41 1.0574e-21
18 41 -5.8658e-36
19 41 -3.0136e-17
20 41 0.4597
21 41 3.7859e-35
22 41 -2.4484e-21
23 41 -3.9717e-22
25 41 1.1668e-21
26 41 -1.0706e-21
27 41 2.3076e-35
28 41 -1.8774e-16
29 41 -1.1102e-16
30 41 -9.751e-23
31 41 8.5644e-17
32 41 6.7305e-34
33 41 1.6352e-50
34 41 5.1953e-22
35 41 -2.0208e-21
36 41 1.5272e-38
37 41 -3.9452e-22
38 41 2.7288e-18
39 41 -1.9736e-34
40 41 5.8341e-18
41 41 2.1883
42 41 -3.0192e-23
44 41 7.688e-34
46 41 9.096e-36
48 41 -2.9994e-37
50 41 2.3571e-21
52 41 -1.1489e-21
53 41 -1.9471e-16
54 41 2.2204e-16
56 41 1.0368e-35
58 41 -3.2007e-36
0 42 -3.8137e-23
1 42 -1.5806e-22
2 42 1.8823e-22
3 42 -4.3625e-22
4 42 -9.5644e-21
6 42 -5.2462e-19
7 42 -9.1483e-22
8 42 1.7798e-20
10 42 6.7123e-18
11 42 1.425e-32
12 42 2.3161e-32
13 42 -1.518e-21
14 42 -1.9726e-21
16 42 -1.1418e-18
17 42 -3.9848e-33
18 42 1.469e-32
19 42 7.9811e-18
20 42 -9.596e-24
21 42 0.4597
22 42 -1.9953e-21
23 42 5.054e-20
25 42 2.4873e-17
26 42 -4.7114e-33
27 42 -9.6992e-33
28 42 -2.3279e-23
29 42 -2.2401e-23
30 42 -1.1102e-16
31 42 -1.2883e-34
32 42 9.8154e-18
33 42 -5.2611e-35
34 42 -1.9904e-21
35 42 5.1809e-21
36 42 -4.8467e-36
37 42 1.3241e-19
38 42 -9.2316e-33
39 42 -1.6642e-32
40 42 3.9542e-17
41 42 -3.0192e-23
42 42 2.1883
44 42 2.2397e-21
46 42 2.4506e-20
48 42 4.9305e-21
50 42 -1.2706e-21
52 42 1.9212e-17
53 42 -2.3279e-23
54 42 -2.2401e-23
55 42 -5.5511e-16
56 42 4.8042e-20
58 42 -3.6394e-21
43 43 1
0 44 -8.0967e-17
1 44 -1.057e-16
2 44 -1.1138e-17
3 44 1.7389e-16
4 44 -7.0213e-16
6 44 8.3148e-17
7 44 -1.6058e-16
8 44 -6.9226e-16
10 44 -1.266e-16
11 44 -2.0863e-16
12 44 -7.8948e-17
13 44 6.5491e-17
14 44 4.8089e-16
16 44 -2.7231e-16
17 44 3.774e-17
18 44 -1.8686e-16
19 44 3.0625e-19
20 44 4.3275e-34
21 44 1.0976e-32
22 44 5.2797e-17
23 44 1.0216e-16
25 44 -2.0528e-17
26 44 -4.7193e-16
27 44 1.9416e-17
28 44 3.9252e-17
29 44 8.1625e-21
30 44 3.9224e-17
31 44 9.8058e-18
32 44 2.2204e-16
33 44 -2.3382e-17
34 44 4.6887e-17
35 44 8.6135e-16
36 44 -1.2976e-32
37 44 -4.1497e-16
38 44 -2.3679e-18
39 44 5.7849e-18
40 44 -3.0757e-19
41 44 7.688e-34
42 44 2.2397e-21
44 44 1
46 44 2.5118e-16
48 44 1.2743e-17
50 44 1.7179e-16
52 44 2.2206e-16
53 44 -3.9252e-17
54 44 1.9889e-23
56 44 -4.695e-16
58 44 -2.6817e-16
45 45 1
0 46 4.5577e-16
1 46 6.7085e-16
2 46 -9.7989e-17
3 46 6.3784e-16
4 46 -2.8113e-16
6 46 -5.4289e-16
7 46 3.4028e-16
8 46 2.7339e-16
10 46 -3.4912e-16
11 46 4.3058e-16
12 46 -7.6285e-17
13 46 -3.2824e-16
14 46 3.7335e-16
16 46 3.2311e-16
17 46 2.4398e-16
18 46 2.1653e-16
19 46 -8.5597e-21
20 46 9.3847e-36
21 46 1.5294e-34
22 46 -3.2737e-16
23 46 -1.0867e-16
25 46 1.6577e-16
26 46 4.0762e-17
27 46 -1.0652e-17
28 46 1.0728e-19
29 46 -1.2872e-19
30 46 1.3229e-18
31 46 3.7606e-19
32 46 -1.7249e-16
33 46 -5.7647e-19
34 46 9.6226e-17
35 46 -3.8059e-16
36 46 -1.1861e-33
37 46 -1.6619e-16
38 46 -3.7024e-16
39 46 1.0704e-16
40 46 -3.392e-21
41 46 9.096e-36
42 46 2.4506e-20
44 46 2.4686e-16
46 46 1
48 46 2.4441e-16
50 46 3.9334e-16
52 46 -9.7164e-17
53 46 -1.0257e-19
54 46 -8.9587e-21
56 46 -2.2204e-16
58 46 -1.1018e-16
47 47 1
0 48 1.9834e-16
1 48 1.8542e-17
2 48 1.5177e-16
3 48 3.5191e-16
4 48 -8.9382e-17
6 48 -1.1596e-16
7 48 -2.687e-16
8 48 3.0001e-16
10 48 -1.5723e-16
11 48 3.3798e-17
12 48 -1.3768e-16
13 48 1.2589e-16
14 48 -2.887e-16
16 48 1.0719e-16
17 48 1.5835e-16
18 48 -3.6907e-16
19 48 -1.376e-21
20 48 6.3351e-37
21 48 1.7486e-35
22 48 -3.3061e-16
23 48 5.4348e-16
25 48 -5.3985e-17
26 48 -1.1228e-16
27 48 -3.2529e-16
28 48 1.1848e-19
29 48 -4.3999e-21
30 48 -9.8456e-20
31 48 4.3728e-20
32 48 -8.6022e-18
33 48 -8.4312e-20
34 48 1.7495e-16
35 48 -8.775e-16
36 48 8.1803e-35
37 48 -2.1337e-17
38 48 -3.7492e-17
39 48 -2.3237e-17
40 48 -7.6461e-22
41 48 -2.9994e-37
42 48 4.9305e-21
44 48 1.2551e-17
46 48 2.4192e-16
48 48 1
50 48 2.9115e-17
52 48 8.6954e-17
53 48 -1.5653e-19
54 48 -3.9339e-21
56 48 3.4402e-17
58 48 -9.992e-16
49 49 1
0 50 3.2625e-16
1 50 0.10669
2 50 -1.8939e-16
3 50 -5.4246e-16
4 50 1.3362e-16
6 50 4.8051e-16
7 50 -0.28058
8 50 5.0098e-17
10 50 -1.3367e-16
11 50 4.5746e-16
12 50 7.9323e-17
13 50 -7.5188e-16
14 50 2.2265e-16
16 50 3.4262e-16
17 50 -3.0105e-16
18 50 1.3166e-16
19 50 -1.5569e-16
20 50 7.4918e-22
21 50 -1.0743e-19
22 50 1.3071
23 50 -1.0046e-16
25 50 -2.142e-16
26 50 -1.5644e-16
27 50 1.7973e-16
28 50 1.8359e-17
29 50 -1.1326e-16
30 50 -4.258e-19
31 50 -7.8079e-17
32 50 -1.294e-16
33 50 1.237e-33
34 50 6.6613e-16
35 50 -3.5802e-17
36 50 -1.9375e-18
37 50 -3.6003e-16
38 50 5.1321e-16
39 50 2.1885e-16
40 50 -3.1727e-16
41 50 2.3571e-21
42 50 -1.2706e-21
44 50 1.7179e-16
46 50 3.9334e-16
48 50 2.9115e-17
50 50 2.2807
52 50 -3.2664e-16
53 50 -1.9014e-17
54 50 8.4237e-17
56 50 5.7821e-16
58 50 2.1189e-16
5 51 4.9318e-16
9 51 -0.21277
15 51 1.0722e-15
24 51 1.0854
36 51 4.4409e-16
51 51 1.9434
0 52 5.7794e-17
1 52 -4.1143e-17
2 52 -3.1121e-16
3 52 1.6717e-16
4 52 -2.6076e-17
6 52 -2.3237e-16
7 52 1.5732e-17
8 52 8.1973e-17
10 52 -0.21277
11 52 3.0362e-16
12 52 1.9878e-16
13 52 -3.6723e-16
14 52 6.4891e-16
16 52 3.2986e-16
17 52 -3.4163e-16
18 52 1.3967e-17
19 52 -1.0898e-16
20 52 -3.6516e-22
21 52 1.8834e-17
22 52 -2.7175e-16
23 52 1.4746e-16
25 52 1.0854
26 52 -1.762e-16
27 52 1.1129e-16
28 52 -1.8589e-17
29 52 1.0085e-17
30 52 2.3959e-17
31 52 1.8834e-17
32 52 4.6215e-16
33 52 -8.8764e-33
34 52 -8.2423e-16
35 52 5.9013e-16
36 52 -2.9428e-19
37 52 -2.2204e-16
38 52 7.6574e-16
39 52 2.4062e-17
40 52 -9.0053e-17
41 52 -1.1489e-21
42 52 1.9212e-17
44 52 2.2206e-16
46 52 -9.7164e-17
48 52 8.6954e-17
50 52 -3.2664e-16
52 52 1.9434
53 52 6.8547e-18
54 52 9.7936e-18
56 52 -3.3827e-16
58 52 -1.9286e-17
0 53 -1.2726e-17
1 53 3.025e-18
2 53 4.2065e-18
3 53 -8.3625e-19
4 53 9.3444e-17
6 53 4.1254e-18
7 53 -9.8587e-18
8 53 -7.2232e-17
10 53 6.5404e-18
11 53 1.9281e-17
12 53 1.96e-29
13 53 -2.4141e-18
14 53 -7.9592e-17
16 53 -7.7849e-17
17 53 -2.7504e-17
18 53 3.3878e-29
19 53 -4.8927e-16
20 53 -1.2342e-16
21 53 9.6522e-33
22 53 1.3673e-17
23 53 -1.0961e-16
25 53 -6.7839e-18
26 53 9.5104e-18
27 53 6.1447e-29
28 53 0.79623
29 53 -7.3124e-17
30 53 2.3489e-17
31 53 -1.1815e-16
32 53 3.9252e-17
33 53 7.0776e-34
34 53 1.1026e-17
35 53 -1.7329e-16
36 53 -1.657e-34
37 53 -2.1947e-16
38 53 -2.7388e-17
39 53 3.377e-29
40 53 -1.2212e-15
41 53 -1.9471e-16
42 53 -2.3279e-23
44 53 -3.9252e-17
46 53 -1.0257e-19
48 53 -1.5653e-19
50 53 -1.9014e-17
52 53 6.8547e-18
53 53 1.5382
54 53 3.5473e-16
56 53 1.12e-19
58 53 8.0443e-20
0 54 -9.1341e-18
1 54 9.1185e-18
2 54 -5.0421e-21
3 54 4.5859e-18
4 54 -1.7212e-20
6 54 -1.6923e-18
7 54 -1.6467e-17
8 54 5.7267e-21
10 54 2.8343e-18
11 54 -8.6337e-19
12 54 1.1895e-28
13 54 -2.5097e-18
14 54 -2.1363e-20
16 54 -9.4284e-18
17 54 -9.0422e-17
18 54 2.7098e-28
19 54 1.0847e-16
20 54 -4.1633e-16
21 54 -3.3156e-34
22 54 5.6777e-17
23 54 2.7097e-20
25 54 1.2134e-17
26 54 -2.7291e-18
27 54 3.7409e-28
28 54 3.4339e-16
29 54 0.79623
30 54 -7.2349e-23
31 54 -6.6042e-17
32 54 -2.7345e-23
34 54 -1.0277e-16
35 54 -1.156e-20
36 54 -2.6067e-35
37 54 -1.3868e-17
38 54 -1.7077e-16
39 54 2.7089e-28
40 54 1.8974e-16
41 54 2.2204e-16
42 54 -2.2401e-23
44 54 1.9889e-23
46 54 -8.9587e-21
48 54 -3.9339e-21
50 54 8.4237e-17
52 54 9.7936e-18
53 54 3.5473e-16
54 54 1.5382
56 54 1.0137e-20
58 54 -5.5765e-21
21 55 -2.7756e-17
30 55 0.79623
42 55 -4.4409e-16
55 55 1.5382
0 56 1.1126e-16
1 56 4.0177e-16
2 56 -5.4718e-16
3 56 6.1865e-16
4 56 -3.4366e-16
6 56 -2.7049e-16
7 56 4.7481e-16
8 56 1.4048e-17
10 56 -1.5166e-16
11 56 5.1493e-16
12 56 3.4864e-17
13 56 -2.52e-16
14 56 5.0908e-16
16 56 1.4278e-16
17 56 2.9204e-16
18 56 1.4276e-16
19 56 -4.8959e-21
20 56 9.6752e-36
21 56 1.6227e-34
22 56 -5.595e-16
23 56 -9.4652e-17
25 56 2.9952e-16
26 56 -2.834e-16
27 56 7.102e-17
28 56 -1.0728e-19
29 56 -1.0519e-19
30 56 1.6809e-18
31 56 3.7606e-19
32 56 -5.2215e-17
33 56 -5.2718e-19
34 56 7.3456e-17
35 56 -2.7072e-16
36 56 -1.4869e-33
37 56 -3.4984e-17
38 56 -2.25e-16
39 56 1.9441e-16
40 56 4.335e-21
41 56 1.0368e-35
42 56 4.8042e-20
44 56 -4.7384e-16
46 56 -2.2204e-16
48 56 3.2058e-17
50 56 5.7821e-16
52 56 -3.3827e-16
53 56 1.12e-19
54 56 1.0137e-20
56 56 1
58 56 2.9862e-16
57 57 1
0 58 -6.3274e-17
1 58 -7.3988e-17
2 58 -5.8663e-17
3 58 1.312e-16
4 58 -2.7445e-17
6 58 -8.2035e-17
7 58 -4.7286e-17
8 58 -1.6652e-16
10 58 1.7425e-16
11 58 2.7177e-16
12 58 -4.7258e-16
13 58 -2.037e-17
14 58 -3.9962e-17
16 58 -1.1462e-16
17 58 7.9861e-17
18 58 5.7313e-17
19 58 -5.4861e-23
20 58 -4.1401e-37
21 58 -7.8068e-35
22 58 8.9445e-18
23 58 -5.7744e-16
25 58 1.028e-17
26 58 5.7931e-17
27 58 -1.9459e-16
28 58 -1.1848e-19
29 58 -1.297e-20
30 58 4.8632e-19
31 58 4.3728e-20
32 58 -1.0754e-16
33 58 -2.9884e-20
34 58 -2.6083e-16
35 58 -1.6657e-16
36 58 -4.3622e-34
37 58 1.7837e-17
38 58 -3.4447e-16
39 58 2.3149e-16
40 58 2.2025e-21
41 58 -3.2007e-36
42 58 -3.6394e-21
44 58 -2.6855e-16
46 58 -1.0783e-16
48 58 -9.992e-16
50 58 2.1189e-16
52 58 -1.9286e-17
53 58 8.0443e-20
54 58 -5.5765e-21
56 58 2.9613e-16
58 58 1
59 59 1
