NAC_lc = 0.1;
Point(1000) = { 0.99591000, 0.00228000, 0.00000000, NAC_lc};
 Point(1001) = { 0.98332000, 0.00530000, 0.00000000, NAC_lc};
 Point(1002) = { 0.96256000, 0.01018000, 0.00000000, NAC_lc};
 Point(1003) = { 0.93397000, 0.01672000, 0.00000000, NAC_lc};
 Point(1004) = { 0.89801000, 0.02463000, 0.00000000, NAC_lc};
 Point(1005) = { 0.85526000, 0.03361000, 0.00000000, NAC_lc};
 Point(1006) = { 0.80644000, 0.04331000, 0.00000000, NAC_lc};
 Point(1007) = { 0.75236000, 0.05339000, 0.00000000, NAC_lc};
 Point(1008) = { 0.69393000, 0.06349000, 0.00000000, NAC_lc};
 Point(1009) = { 0.63212000, 0.07325000, 0.00000000, NAC_lc};
 Point(1010) = { 0.56799000, 0.08233000, 0.00000000, NAC_lc};
 Point(1011) = { 0.50264000, 0.09037000, 0.00000000, NAC_lc};
 Point(1012) = { 0.43719000, 0.09706000, 0.00000000, NAC_lc};
 Point(1013) = { 0.37278000, 0.10208000, 0.00000000, NAC_lc};
 Point(1014) = { 0.31051000, 0.10521000, 0.00000000, NAC_lc};
 Point(1015) = { 0.25148000, 0.10627000, 0.00000000, NAC_lc};
 Point(1016) = { 0.19674000, 0.10519000, 0.00000000, NAC_lc};
 Point(1017) = { 0.14722000, 0.10201000, 0.00000000, NAC_lc};
 Point(1018) = { 0.10381000, 0.09684000, 0.00000000, NAC_lc};
 Point(1019) = { 0.06726000, 0.08992000, 0.00000000, NAC_lc};
 Point(1020) = { 0.03818000, 0.08151000, 0.00000000, NAC_lc};
 Point(1021) = { 0.01707000, 0.07189000, 0.00000000, NAC_lc};
 Point(1022) = { 0.00000000, 0.05000000, 0.00000000, NAC_lc};
 Point(1023) = { 0.01700000, 0.02808000, 0.00000000, NAC_lc};
 Point(1024) = { 0.03794000, 0.01835000, 0.00000000, NAC_lc};
 Point(1025) = { 0.06672000, 0.00963000, 0.00000000, NAC_lc};
 Point(1026) = { 0.10283000, 0.00209000, 0.00000000, NAC_lc};
 Point(1027) = { 0.14567000, -0.00415000, 0.00000000, NAC_lc};
 Point(1028) = { 0.19450000, -0.00902000, 0.00000000, NAC_lc};
 Point(1029) = { 0.24852000, -0.01252000, 0.00000000, NAC_lc};
 Point(1030) = { 0.30681000, -0.01473000, 0.00000000, NAC_lc};
 Point(1031) = { 0.36841000, -0.01581000, 0.00000000, NAC_lc};
 Point(1032) = { 0.43228000, -0.01596000, 0.00000000, NAC_lc};
 Point(1033) = { 0.49736000, -0.01537000, 0.00000000, NAC_lc};
 Point(1034) = { 0.56253000, -0.01428000, 0.00000000, NAC_lc};
 Point(1035) = { 0.62670000, -0.01287000, 0.00000000, NAC_lc};
 Point(1036) = { 0.68876000, -0.01128000, 0.00000000, NAC_lc};
 Point(1037) = { 0.74764000, -0.00964000, 0.00000000, NAC_lc};
 Point(1038) = { 0.80232000, -0.00801000, 0.00000000, NAC_lc};
 Point(1039) = { 0.85184000, -0.00646000, 0.00000000, NAC_lc};
 Point(1040) = { 0.89535000, -0.00503000, 0.00000000, NAC_lc};
 Point(1041) = { 0.93206000, -0.00377000, 0.00000000, NAC_lc};
 Point(1042) = { 0.96132000, -0.00271000, 0.00000000, NAC_lc};
 Point(1043) = { 0.98261000, -0.00192000, 0.00000000, NAC_lc};
 Point(1044) = { 0.99554000, -0.00142000, 0.00000000, NAC_lc};
 Point(1045) = { 0.99987000, -0.00125000, 0.00000000, NAC_lc};
 Point(1046) = {1.005,-0.0005,0.0000000,NAC_lc};
 Spline(1000) = {1000:1046,1000};

 
Point(1047) = {-1.5, -0.3, 0, 1.0};
Point(1048) = {-0.5, -0.3, 0, 1.0};
Point(1049) = {2.5, -0.3, 0, 1.0};
Point(1050) = {2.5, 0.3, 0, 1.0};
Point(1051) = {-0.5, 0.3, 0, 1.0};
Point(1052) = {-1.5, 0.3, 0, 1.0};

Line(1001) = {1052, 1047};
Line(1002) = {1047, 1048};
Line(1003) = {1048, 1049};
Line(1004) = {1049, 1050};
Line(1005) = {1050, 1051};
Line(1006) = {1051, 1052};

Line Loop(1007) = {1005, 1006, 1001, 1002, 1003, 1004};
Line Loop(1008) = {1000};

Plane Surface(1009) = {1007, 1008};

Physical Line(101) = {1001};
//Physical Line(50) = {1002,1006};
Physical Line(0) = {1003,1002};
Physical Line(102) = {1004};
Physical Line(1) = {1005,1006};
Physical Line(2) = {1000};

Physical Surface(0) = {1009};

Recombine Surface {1009};
